6 1
7 0
9 0
16 0
17 0
20 0
22 0
23 0
27 0
29 0
34 0
35 0
37 0
38 1
42 0
46 1
47 0
48 0
49 0
57 0
69 0
70 0
71 0
72 0
73 0
76 1
78 0
80 1
84 0
86 0
87 0
91 0
100 0
101 0
102 0
103 0
105 0
107 0
109 0
110 1
112 1
114 0
115 0
118 1
126 1
128 0
129 0
130 0
137 0
146 1
147 0
148 0
150 0
153 0
154 0
155 0
159 0
161 0
164 0
166 0
170 0
171 0
173 0
180 1
182 0
185 0
189 0
192 1
195 0
201 0
203 0
208 0
209 0
210 0
211 0
217 0
223 0
225 0
226 0
230 0
231 0
232 0
239 0
246 0
247 0
249 0
253 0
255 0
259 0
260 0
262 0
263 0
264 0
267 0
268 0
272 1
274 0
275 0
278 1
281 0
282 0
288 0
289 0
297 0
306 0
310 0
311 0
312 0
314 0
315 0
323 0
326 0
330 0
335 0
336 0
344 0
347 0
349 0
350 1
354 0
355 0
357 0
377 0
384 0
385 0
390 0
391 0
392 1
395 0
400 1
401 0
403 0
406 0
407 0
409 1
411 0
416 0
420 0
421 0
426 0
429 0
431 0
434 0
435 0
442 0
446 1
447 0
448 0
449 0
450 0
458 1
463 0
466 1
467 0
470 1
471 0
472 1
474 0
475 0
479 0
485 0
486 1
490 0
497 0
501 0
503 0
514 0
515 0
526 1
528 0
539 0
544 0
548 1
549 0
550 0
551 0
552 0
555 0
560 1
566 0
570 0
573 0
576 0
580 0
585 0
587 0
589 0
594 0
595 0
598 1
602 0
603 0
608 0
612 0
617 0
623 0
630 1
631 0
632 0
635 0
